0.0 0.0
4162495.0 0.0
4262495.0 0.0
4362495.0 0.0
4462495.0 0.0
4562495.0 0.0
4662495.0 0.0
4762495.0 0.0
4862495.0 1.084e-09
4962495.0 1.1931000000000001e-08
5062495.0 2.1690000000000003e-09
5162495.0 5.423e-09
5262495.0 0.0
5362495.0 0.0
5462495.0 0.0
5562495.0 4.3380000000000005e-09
5662495.0 1.1931000000000001e-08
5762495.0 2.1690000000000003e-09
5862495.0 2.1690000000000003e-09
5962495.0 0.0
6062495.0 3.253e-09
6162495.0 5.423e-09
6262495.0 0.0
6362495.0 2.1690000000000003e-09
6462495.0 0.0
6562495.0 9.761e-09
6662495.0 5.423e-09
6762495.0 5.423e-09
6862495.0 1.084e-09
6962495.0 1.084e-09
7062495.0 1.8438000000000003e-08
7162495.0 4.3380000000000005e-09
7262495.0 2.1690000000000003e-09
7362495.0 7.592e-09
7462495.0 2.3862000000000002e-08
7562495.0 5.423e-09
7662495.0 2.2777e-08
7762495.0 3.253e-09
7862495.0 2.2777e-08
7962495.0 5.423e-09
8062495.0 4.3380000000000005e-09
8162495.0 1.4099999999999999e-08
8262495.0 2.1690000000000003e-09
8362495.0 8.677e-09
8462495.0 2.1690000000000003e-09
8562495.0 1.3015000000000001e-08
8662495.0 1.0846e-08
8762495.0 3.253e-09
8862495.0 5.423e-09
8962495.0 1.3015000000000001e-08
9062495.0 1.4099999999999999e-08
9162495.0 8.677e-09
9262495.0 6.507e-09
9362495.0 2.4946e-08
9462495.0 5.5316000000000004e-08
9562495.0 2.6031e-08
9662495.0 1.1931000000000001e-08
9762495.0 3.9047e-08
9862495.0 1.0846e-08
9962495.0 7.592e-09
10062495.0 1.7354e-08
10162495.0 9.761e-09
10262495.0 3.2539e-08
10362495.0 2.2777e-08
10462495.0 1.9523e-08
10562495.0 2.4946e-08
10662495.0 2.1692e-08
10762495.0 3.2539e-08
10862495.0 4.3385e-08
10962495.0 3.1454e-08
11062495.0 8.026300000000001e-08
11162495.0 4.1216e-08
11262495.0 2.7116e-08
11362495.0 1.4099999999999999e-08
11462495.0 2.4946e-08
11562495.0 3.9047e-08
11662495.0 7.7009e-08
11762495.0 2.0608e-08
11862495.0 1.3015000000000001e-08
11962495.0 2.9285e-08
12062495.0 8.2432e-08
12162495.0 2.6031e-08
12262495.0 5.857e-08
12362495.0 3.3622999999999996e-08
12462495.0 3.3622999999999996e-08
12562495.0 3.9047e-08
12662495.0 6.833199999999999e-08
12762495.0 8.4602e-08
12862495.0 1.5184e-08
12962495.0 5.7485999999999996e-08
13062495.0 2.3862000000000002e-08
13162495.0 1.0846e-08
13262495.0 2.3862000000000002e-08
13362495.0 2.3862000000000002e-08
13462495.0 1.7354e-08
13562495.0 2.2777e-08
13662495.0 2.8199999999999998e-08
13762495.0 1.0846e-08
13862495.0 3.5793e-08
13962495.0 2.1692e-08
14062495.0 6.7247e-08
14162495.0 3.6877e-08
14262495.0 4.2301e-08
14362495.0 5.2062e-08
14462495.0 1.7354e-08
14562495.0 3.3622999999999996e-08
14662495.0 2.4946e-08
14762495.0 1.9523e-08
14862495.0 1.4099999999999999e-08
14962495.0 4.3385e-08
15062495.0 6.0739e-08
15162495.0 1.0846e-08
15262495.0 1.3015000000000001e-08
15362495.0 3.3622999999999996e-08
15462495.0 1.3015000000000001e-08
15562495.0 4.447e-08
15662495.0 2.9285e-08
15762495.0 4.1216e-08
15862495.0 2.1692e-08
15962495.0 3.9047e-08
16062495.0 3.5793e-08
16162495.0 6.7247e-08
16262495.0 8.134800000000001e-08
16362495.0 3.1454e-08
16462495.0 4.447e-08
16562495.0 4.5554e-08
16662495.0 8.134800000000001e-08
16762495.0 3.5793e-08
16862495.0 2.0608e-08
16962495.0 2.9285e-08
17062495.0 1.6269e-08
17162495.0 2.9285e-08
17262495.0 1.7354e-08
17362495.0 4.9893e-08
17462495.0 2.8199999999999998e-08
17562495.0 5.423e-09
17662495.0 3.0369000000000005e-08
17762495.0 2.3862000000000002e-08
17862495.0 4.0131e-08
17962495.0 7.8094e-08
18062495.0 4.447e-08
18162495.0 3.1454e-08
18262495.0 5.6401e-08
18362495.0 3.1454e-08
18462495.0 3.2539e-08
18562495.0 3.1454e-08
18662495.0 7.2671e-08
18762495.0 3.6877e-08
18862495.0 8.894e-08
18962495.0 3.5793e-08
19062495.0 4.1216e-08
19162495.0 5.6401e-08
19262495.0 4.8807999999999996e-08
19362495.0 4.2301e-08
19462495.0 2.2777e-08
19562495.0 1.9523e-08
19662495.0 1.3015000000000001e-08
19762495.0 4.3380000000000005e-09
19862495.0 1.6269e-08
19962495.0 1.7354e-08
20062495.0 2.1690000000000003e-09
20162495.0 3.0369000000000005e-08
20262495.0 4.5554e-08
20362495.0 5.3147000000000006e-08
20462495.0 3.3622999999999996e-08
20562495.0 3.7962e-08
20662495.0 6.7247e-08
20762495.0 3.5793e-08
20862495.0 2.7116e-08
20962495.0 7.1586e-08
21062495.0 2.6031e-08
21162495.0 5.4232e-08
21262495.0 7.484e-08
21362495.0 2.6031e-08
21462495.0 2.4946e-08
21562495.0 6.0739e-08
21662495.0 5.0978e-08
21762495.0 2.6031e-08
21862495.0 2.4946e-08
21962495.0 1.7354e-08
22062495.0 2.7116e-08
22162495.0 2.1692e-08
22262495.0 2.4946e-08
22362495.0 9.761e-09
22462495.0 8.351699999999999e-08
22562495.0 3.1454e-08
22662495.0 1.6269e-08
22762495.0 2.2777e-08
22862477.0 3.1454e-08
22962477.0 2.4946e-08
23062477.0 3.1454e-08
23162477.0 2.3862000000000002e-08
23262477.0 1.4099999999999999e-08
23362477.0 8.677e-09
23462477.0 7.484e-08
23562477.0 6.399300000000001e-08
23662477.0 3.7962e-08
23762477.0 5.857e-08
23862477.0 1.8438000000000003e-08
23962477.0 2.1692e-08
24062477.0 1.5184e-08
24162477.0 1.7354e-08
24262477.0 3.4708e-08
24362477.0 1.3015000000000001e-08
24462477.0 2.3862000000000002e-08
24562477.0 1.3015000000000001e-08
24662477.0 2.3862000000000002e-08
24762477.0 1.8438000000000003e-08
24862477.0 3.5793e-08
24962477.0 2.1690000000000003e-09
25062477.0 1.084e-09
25162477.0 0.0
25235831.0 0.0
