0.0 0.0
50000.0 0.0
150000.0 0.0
250000.0 0.0
350000.0 2.345e-09
450000.0 2.345e-09
550000.0 1.9936e-08
650000.0 1.4073e-08
750000.0 1.0554e-08
850000.0 2.3455e-08
950000.0 3.0491000000000005e-08
1050000.0 3.4009000000000004e-08
1150000.0 2.8146e-08
1250000.0 3.6355000000000004e-08
1350000.0 1.7591000000000002e-08
1450000.0 7.036e-09
1550000.0 2.4627e-08
1650000.0 2.9318e-08
1750000.0 2.2282000000000004e-08
1850000.0 1.7591000000000002e-08
1950000.0 5.3946e-08
2050000.0 2.4627e-08
2150000.0 1.6418e-08
2250000.0 3.6355000000000004e-08
2350000.0 1.6418e-08
2450000.0 4.691e-08
2550000.0 2.5800000000000003e-08
2650000.0 2.5800000000000003e-08
2750000.0 5.7464000000000004e-08
2850000.0 2.2282000000000004e-08
2950000.0 9.382000000000001e-09
3050000.0 1.0554e-08
3150000.0 6.9192e-08
3250000.0 2.3455e-08
3350000.0 2.3455e-08
3450000.0 5.0428e-08
3550000.0 4.2218999999999996e-08
3650000.0 1.8764000000000002e-08
3750000.0 3.6355000000000004e-08
3850000.0 7.505600000000001e-08
3950000.0 7.3883e-08
4050000.0 6.6846e-08
4150000.0 3.6355000000000004e-08
4250000.0 7.271000000000001e-08
4350000.0 5.7464000000000004e-08
4450000.0 4.1045999999999996e-08
4550000.0 1.8764000000000002e-08
4650000.0 1.7591000000000002e-08
4750000.0 5.1601e-08
4850000.0 9.499200000000001e-08
4950000.0 6.3328e-08
5050000.0 5.5119e-08
5150000.0 3.5182000000000004e-08
5250000.0 7.036500000000001e-08
5350000.0 1.8764000000000002e-08
5450000.0 3.1664e-08
5550000.0 4.2218999999999996e-08
5650000.0 2.1109e-08
5750000.0 1.2900000000000001e-08
5850000.0 1.5245e-08
5950000.0 2.2282000000000004e-08
6050000.0 2.3455e-08
6150000.0 1.2900000000000001e-08
6250000.0 4.5736999999999995e-08
6350000.0 3.0491000000000005e-08
6450000.0 3.9873e-08
6550000.0 3.4009000000000004e-08
6650000.0 3.7528000000000004e-08
6750000.0 1.5245e-08
6850000.0 3.5182000000000004e-08
6950000.0 1.8764000000000002e-08
7050000.0 1.0202899999999999e-07
7150000.0 3.9873e-08
7250000.0 2.6973e-08
7350000.0 2.4627e-08
7450000.0 1.6418e-08
7550000.0 2.5800000000000003e-08
7650000.0 2.1109e-08
7750000.0 2.3455e-08
7850000.0 1.5245e-08
7950000.0 8.6783e-08
8050000.0 3.9873e-08
8150000.0 6.2155e-08
8250000.0 3.2837e-08
8350000.0 3.2837e-08
8450000.0 2.3455e-08
8550000.0 4.8082000000000007e-08
8650000.0 3.4009000000000004e-08
8750000.0 1.4073e-08
8850000.0 2.8146e-08
8950000.0 4.2218999999999996e-08
9050000.0 1.5245e-08
9150000.0 2.3455e-08
9250000.0 2.4627e-08
9350000.0 1.172e-09
9450000.0 2.3455e-08
9550000.0 4.9255000000000007e-08
9650000.0 3.1664e-08
9750000.0 4.3391e-08
9850000.0 5.3946e-08
9950000.0 1.5245e-08
10050000.0 8.091900000000001e-08
10150000.0 9.499200000000001e-08
10250000.0 6.5674e-08
10350000.0 3.6355000000000004e-08
10450000.0 3.2837e-08
10550000.0 3.87e-08
10650000.0 2.8146e-08
10750000.0 3.4009000000000004e-08
10850000.0 2.6973e-08
10950000.0 2.9318e-08
11050000.0 3.9873e-08
11150000.0 2.1109e-08
11250000.0 1.8764000000000002e-08
11350000.0 2.3455e-08
11450000.0 1.1727000000000001e-08
11550000.0 9.382000000000001e-09
11650000.0 1.4073e-08
11750000.0 1.4073e-08
11850000.0 1.9936e-08
11950000.0 2.2282000000000004e-08
12050000.0 2.9318e-08
12150000.0 4.2218999999999996e-08
12250000.0 7.6228e-08
12350000.0 2.1109e-08
12450000.0 1.7591000000000002e-08
12550000.0 5.1601e-08
12650000.0 7.505600000000001e-08
12750000.0 3.0491000000000005e-08
12850000.0 1.9936e-08
12950000.0 1.2900000000000001e-08
13050000.0 2.9318e-08
13150000.0 5.0428e-08
13250000.0 9.382000000000001e-09
13350000.0 8.209e-09
13450000.0 1.8764000000000002e-08
13550000.0 3.6355000000000004e-08
13650000.0 1.9936e-08
13750000.0 3.9873e-08
13850000.0 2.2282000000000004e-08
13950000.0 1.6418e-08
14050000.0 3.1664e-08
14150000.0 1.8764000000000002e-08
14250000.0 1.9936e-08
14350000.0 1.6418e-08
14450000.0 6.2155e-08
14550000.0 1.1727000000000001e-08
14650000.0 3.7528000000000004e-08
14750000.0 1.0554e-08
14850000.0 1.6418e-08
14950000.0 1.1727000000000001e-08
15050000.0 1.1727000000000001e-08
15150000.0 9.382000000000001e-09
15250000.0 3.7528000000000004e-08
15350000.0 1.6418e-08
15450000.0 1.5245e-08
15550000.0 5.863000000000001e-09
15650000.0 2.1109e-08
15750000.0 1.0554e-08
15850000.0 2.345e-09
15950000.0 8.209e-09
16050000.0 4.6910000000000004e-09
16150000.0 7.036e-09
16250000.0 1.5245e-08
16350000.0 3.5182000000000004e-08
16450000.0 3.9873e-08
16550000.0 3.87e-08
16650000.0 2.8146e-08
16750000.0 4.2218999999999996e-08
16850000.0 1.6418e-08
16950000.0 5.6292e-08
17050000.0 1.9936e-08
17150000.0 1.5245e-08
17250000.0 2.3455e-08
17350000.0 1.1727000000000001e-08
17450000.0 1.6418e-08
17550000.0 1.172e-09
17650000.0 1.172e-09
17750000.0 4.6910000000000004e-09
17850000.0 4.6910000000000004e-09
17950000.0 1.9936e-08
18050000.0 9.382000000000001e-09
18150000.0 7.036e-09
18250000.0 4.6910000000000004e-09
18350000.0 3.518e-09
18450000.0 2.345e-09
18550000.0 2.345e-09
18650000.0 2.345e-09
18750000.0 2.345e-09
18850000.0 1.4073e-08
18950000.0 1.172e-09
19050000.0 1.172e-09
19150000.0 4.6910000000000004e-09
19250000.0 4.6910000000000004e-09
19350000.0 0.0
19450000.0 3.518e-09
19550000.0 1.172e-09
19650000.0 2.345e-09
19750000.0 1.172e-09
19850000.0 1.1727000000000001e-08
19950000.0 2.345e-09
20050000.0 5.863000000000001e-09
20150000.0 1.172e-09
20250000.0 2.345e-09
20350000.0 0.0
20450000.0 2.345e-09
20550000.0 7.036e-09
20650000.0 3.518e-09
20750000.0 2.345e-09
20850000.0 0.0
20950000.0 2.3455e-08
21050000.0 1.1727000000000001e-08
21150000.0 3.518e-09
21250000.0 1.172e-09
21350000.0 1.172e-09
21450000.0 0.0
21550000.0 3.518e-09
21650000.0 0.0
21750000.0 0.0
21850000.0 0.0
21950000.0 0.0
22050000.0 1.172e-09
22150000.0 0.0
22250000.0 2.8146e-08
22350000.0 3.87e-08
22557268.0 3.518e-09
22657268.0 1.172e-09
22757268.0 0.0
22857268.0 0.0
22957268.0 2.345e-09
23057268.0 0.0
23106570.0 0.0
