0.0 0.0
50000.0 0.0
150000.0 0.0
250000.0 2.0760000000000003e-09
350000.0 8.999e-09
450000.0 4.153e-09
550000.0 4.153e-09
650000.0 1.3152e-08
750000.0 2.4228999999999998e-08
850000.0 1.4537e-08
950000.0 1.3152e-08
1050000.0 2.6998e-08
1150000.0 2.2844000000000003e-08
1250000.0 1.6614e-08
1350000.0 1.5229e-08
1450000.0 3.6689e-08
1550000.0 3.5305e-08
1650000.0 1.6614e-08
1750000.0 1.3845000000000001e-08
1850000.0 3.1843e-08
1950000.0 3.9458e-08
2050000.0 1.4537e-08
2150000.0 4.8457999999999996e-08
2250000.0 2.0075e-08
2350000.0 2.0767000000000003e-08
2450000.0 1.246e-08
2550000.0 4.4304e-08
2650000.0 2.7690000000000002e-08
2750000.0 5.4688e-08
2850000.0 9.691e-09
2950000.0 2.0075e-08
3050000.0 1.1768000000000002e-08
3150000.0 1.3152e-08
3250000.0 2.0767000000000003e-08
3350000.0 1.246e-08
3450000.0 2.2152e-08
3550000.0 1.4537e-08
3650000.0 1.1076e-08
3750000.0 4.0843e-08
3850000.0 4.4996e-08
3950000.0 3.5997e-08
4050000.0 2.4228999999999998e-08
4150000.0 2.8382000000000002e-08
4250000.0 2.2844000000000003e-08
4350000.0 3.5305e-08
4450000.0 2.2152e-08
4550000.0 4.0843e-08
4650000.0 6.576399999999999e-08
4750000.0 2.2152e-08
4850000.0 2.1459999999999998e-08
4950000.0 3.1151e-08
5050000.0 5.0534e-08
5156900.0 1.5229e-08
5256900.0 5.1227e-08
5356900.0 2.6305e-08
5456900.0 1.7306e-08
5556900.0 1.869e-08
5656900.0 1.7998e-08
5756900.0 2.3536000000000003e-08
5856900.0 2.7690000000000002e-08
5956900.0 1.4537e-08
6056900.0 8.999e-09
6156900.0 1.3152e-08
6256900.0 8.999e-09
6356900.0 2.1459999999999998e-08
6456900.0 1.0383e-08
6556900.0 3.1843e-08
6656900.0 6.922000000000001e-09
6756900.0 1.3845000000000001e-08
6856900.0 1.6614e-08
6956900.0 3.1151e-08
7056900.0 2.6305e-08
7156900.0 5.1227e-08
7256900.0 3.3228e-08
7356900.0 1.9383e-08
7456900.0 3.1151e-08
7556900.0 2.0075e-08
7656900.0 1.1076e-08
7756900.0 8.307e-09
7856900.0 3.2536e-08
7956900.0 2.6998e-08
8056900.0 4.4304e-08
8156900.0 1.869e-08
8256900.0 1.9383e-08
8356900.0 2.2152e-08
8456900.0 2.6305e-08
8556900.0 3.8766e-08
8656900.0 3.6689e-08
8756900.0 3.8766e-08
8856900.0 2.6305e-08
8956900.0 1.4537e-08
9056900.0 1.1076e-08
9156900.0 5.0534e-08
9256900.0 7.8225e-08
9356900.0 2.9074e-08
9456900.0 6.922000000000001e-09
9556900.0 3.6689e-08
9656900.0 3.1843e-08
9756900.0 3.392e-08
9856900.0 1.1076e-08
9956900.0 2.5613000000000002e-08
10056900.0 1.0383e-08
10156900.0 2.9074e-08
10256900.0 1.1768000000000002e-08
10356900.0 2.0767000000000003e-08
10456900.0 5.2611e-08
10556900.0 7.545600000000001e-08
10656900.0 3.4612e-08
10756900.0 3.9458e-08
10856900.0 3.5305e-08
10956900.0 4.2919999999999997e-08
11056900.0 4.2227e-08
11156900.0 3.1151e-08
11256900.0 4.0843e-08
11356900.0 3.0459e-08
11456900.0 3.1843e-08
11556900.0 2.7690000000000002e-08
11656900.0 6.23e-09
11756900.0 4.153e-09
11856900.0 1.6614e-08
11956900.0 1.869e-08
12056900.0 3.4612e-08
12156900.0 1.4537e-08
12256900.0 1.5921e-08
12356900.0 2.2152e-08
12456900.0 5.9534e-08
12556900.0 6.5072e-08
12656900.0 4.2227e-08
12756900.0 2.2152e-08
12856900.0 3.392e-08
12956900.0 2.6305e-08
13056900.0 1.869e-08
13156900.0 2.2152e-08
13256900.0 1.869e-08
13356900.0 1.5229e-08
13456900.0 1.3152e-08
13556900.0 1.4537e-08
13656900.0 4.845e-09
13756900.0 6.922000000000001e-09
13856900.0 1.246e-08
13956900.0 3.2536e-08
14056900.0 1.9383e-08
14156900.0 9.691e-09
14256900.0 2.2844000000000003e-08
14356900.0 1.3845000000000001e-08
14456900.0 8.999e-09
14556900.0 1.1076e-08
14656900.0 3.4610000000000004e-09
14756900.0 4.845e-09
14856900.0 7.614e-09
14956900.0 3.4610000000000004e-09
15056900.0 7.614e-09
15156900.0 1.0383e-08
15256900.0 1.5921e-08
15356900.0 1.4537e-08
15456900.0 1.6614e-08
15556900.0 1.246e-08
15656900.0 1.5229e-08
15756900.0 3.6689e-08
15856900.0 7.614e-09
15956900.0 2.4921000000000002e-08
16056900.0 1.1768000000000002e-08
16156900.0 2.3536000000000003e-08
16256900.0 5.538e-09
16356900.0 1.5229e-08
16456900.0 3.3228e-08
16556900.0 2.1459999999999998e-08
16656900.0 8.999e-09
16756900.0 1.1768000000000002e-08
16856900.0 1.4537e-08
16956900.0 7.614e-09
17056900.0 1.4537e-08
17156900.0 3.5997e-08
17256900.0 3.3228e-08
17356900.0 1.869e-08
17456900.0 1.5921e-08
17556900.0 2.1459999999999998e-08
17656900.0 1.3152e-08
17756900.0 2.769e-09
17856900.0 1.384e-09
17956900.0 1.3152e-08
18056900.0 6.922000000000001e-09
18156900.0 1.7998e-08
18256900.0 8.307e-09
18356900.0 6.92e-10
18456900.0 1.384e-09
18556900.0 1.3152e-08
18656900.0 4.845e-09
18756900.0 6.922000000000001e-09
18856900.0 1.0383e-08
18956900.0 2.1459999999999998e-08
19056900.0 8.999e-09
19156900.0 8.307e-09
19256900.0 6.922000000000001e-09
19356900.0 4.845e-09
19456900.0 2.7690000000000002e-08
19556900.0 4.153e-09
19656900.0 2.3536000000000003e-08
19756900.0 4.153e-09
19856900.0 4.153e-09
19956900.0 2.9767e-08
20056900.0 2.0760000000000003e-09
20156900.0 1.384e-09
20256900.0 0.0
20356900.0 1.3845000000000001e-08
20456900.0 1.384e-09
20556900.0 4.153e-09
20656900.0 3.4610000000000004e-09
20756900.0 0.0
20856900.0 2.0760000000000003e-09
20956900.0 1.384e-09
21056900.0 2.769e-09
21156900.0 6.92e-10
21256900.0 6.92e-10
21356900.0 1.384e-09
21456900.0 6.92e-10
21556900.0 0.0
21656900.0 3.4610000000000004e-09
21756900.0 1.1768000000000002e-08
21856900.0 0.0
21956900.0 1.384e-09
22056900.0 0.0
22156900.0 0.0
22256900.0 0.0
22356900.0 1.384e-09
22456900.0 6.92e-10
22556900.0 0.0
22656900.0 0.0
22756900.0 0.0
22856900.0 6.92e-10
22956900.0 2.769e-09
23056900.0 0.0
23156900.0 6.92e-10
23256900.0 0.0
23356900.0 0.0
23456900.0 0.0
23556900.0 6.92e-10
23656900.0 0.0
23756900.0 6.92e-10
23856900.0 1.384e-09
23956900.0 0.0
24056900.0 6.92e-10
24156900.0 0.0
24256900.0 0.0
24356900.0 0.0
24456900.0 0.0
24528679.0 0.0
