0.0 0.0
4224278.0 0.0
4324278.0 0.0
4424278.0 0.0
4524278.0 0.0
4624278.0 0.0
4724278.0 0.0
4824278.0 0.0
4924278.0 1.088e-09
5024278.0 0.0
5124278.0 0.0
5224278.0 0.0
5324278.0 0.0
5424278.0 0.0
5524278.0 0.0
5624278.0 0.0
5724278.0 0.0
5824278.0 0.0
5924278.0 1.088e-09
6024278.0 0.0
6124278.0 1.088e-09
6224278.0 0.0
6324278.0 2.176e-09
6424278.0 0.0
6524278.0 0.0
6624278.0 3.2640000000000003e-09
6724278.0 0.0
6824278.0 0.0
6924278.0 3.2640000000000003e-09
7024278.0 2.176e-09
7124278.0 1.088e-09
7224278.0 0.0
7324278.0 0.0
7424278.0 3.2640000000000003e-09
7524278.0 6.528000000000001e-09
7624278.0 2.176e-09
7724278.0 1.088e-09
7824278.0 1.0881000000000002e-08
7924278.0 7.616e-09
8024278.0 1.9586e-08
8124278.0 1.088e-09
8224278.0 7.616e-09
8324278.0 9.793e-09
8424278.0 1.8498e-08
8524278.0 2.7203e-08
8624278.0 5.44e-09
8724278.0 0.0
8824278.0 3.2640000000000003e-09
8924278.0 1.0881000000000002e-08
9024278.0 2.1762000000000003e-08
9124278.0 3.2640000000000003e-09
9224278.0 1.3057e-08
9324278.0 9.793e-09
9424278.0 2.176e-09
9524278.0 0.0
9624278.0 7.616e-09
9724278.0 4.352e-09
9824278.0 8.705000000000001e-09
9924278.0 1.3057e-08
10024278.0 1.4145000000000002e-08
10124278.0 3.2640000000000003e-09
10224278.0 2.176e-09
10324278.0 1.088e-09
10424278.0 5.44e-09
10524278.0 5.44e-09
10624278.0 1.1969000000000001e-08
10724278.0 9.793e-09
10824278.0 9.793e-09
10924278.0 1.0881000000000002e-08
11024278.0 9.793e-09
11124278.0 3.8084e-08
11224278.0 8.705000000000001e-09
11324278.0 2.8291000000000002e-08
11424278.0 1.8498e-08
11524278.0 2.7203e-08
11624278.0 1.1969000000000001e-08
11724278.0 1.3057e-08
11824278.0 1.0881000000000002e-08
11924278.0 7.616e-09
12024278.0 6.528000000000001e-09
12124278.0 1.7410000000000002e-08
12224278.0 1.3057e-08
12324278.0 1.7410000000000002e-08
12424278.0 6.528000000000001e-09
12524278.0 3.2640000000000003e-09
12624278.0 2.5027e-08
12724278.0 1.6322000000000002e-08
12824278.0 4.352e-09
12924278.0 1.3057e-08
13024278.0 2.6412000000000002e-08
13124278.0 3.0467e-08
13224278.0 8.705000000000001e-09
13324278.0 3.2640000000000003e-09
13424278.0 7.616e-09
13524278.0 8.705000000000001e-09
13624278.0 5.44e-09
13724278.0 8.705000000000001e-09
13824278.0 1.8498e-08
13924278.0 3.0467e-08
14024278.0 7.5081e-08
14124278.0 3.2644000000000004e-08
14224278.0 1.9586e-08
14324278.0 1.6322000000000002e-08
14424278.0 8.0522e-08
14524278.0 1.9586e-08
14624278.0 1.6322000000000002e-08
14724278.0 3.2644000000000004e-08
14824278.0 8.705000000000001e-09
14924278.0 1.9586e-08
15024278.0 3.9173e-08
15124278.0 4.0261e-08
15224278.0 1.8498e-08
15324278.0 2.7203e-08
15424278.0 5.4407e-08
15524278.0 2.6115e-08
15624278.0 7.616e-09
15724278.0 3.6996e-08
15824278.0 2.8291000000000002e-08
15924278.0 1.7410000000000002e-08
16024278.0 7.616e-09
16124278.0 1.9586e-08
16224278.0 1.3057e-08
16324278.0 7.616e-09
16424278.0 1.7410000000000002e-08
16524278.0 1.8498e-08
16624278.0 6.528000000000001e-09
16724278.0 1.4145000000000002e-08
16824278.0 7.616e-09
16924278.0 4.352e-09
17024278.0 7.616e-09
17124278.0 1.4145000000000002e-08
17224278.0 1.7410000000000002e-08
17324278.0 5.44e-09
17424278.0 1.7410000000000002e-08
17524278.0 1.5233e-08
17624278.0 1.6322000000000002e-08
17724278.0 3.2644000000000004e-08
17824278.0 5.44e-09
17924278.0 1.9586e-08
18024278.0 4.3525e-08
18124278.0 2.0674e-08
18224278.0 8.3786e-08
18324278.0 3.8084e-08
18424278.0 1.5233e-08
18524278.0 4.6790000000000004e-08
18624278.0 2.9379e-08
18724278.0 1.4145000000000002e-08
18824278.0 4.1349e-08
18924278.0 8.922700000000001e-08
19024278.0 3.8084e-08
19124278.0 2.9379e-08
19224278.0 7.1817e-08
19324278.0 1.4798700000000001e-07
19424278.0 4.4613e-08
19524278.0 2.6115e-08
19624278.0 5.3318e-08
19724278.0 1.4145000000000002e-08
19824278.0 4.3525e-08
19924278.0 1.5233e-08
20024278.0 5.8759e-08
20124278.0 4.1349e-08
20224278.0 5.223e-08
20324278.0 1.3057600000000002e-07
20424278.0 1.1969000000000001e-08
20524278.0 2.1762000000000003e-08
20624278.0 6.528000000000001e-09
20724278.0 1.5233e-08
20824278.0 1.3057e-08
20924278.0 2.6115e-08
21024278.0 1.0881000000000002e-08
21124278.0 3.1556e-08
21224278.0 3.5908e-08
21324278.0 4.352e-09
21424278.0 1.088e-09
21524278.0 2.8291000000000002e-08
21624278.0 9.793e-09
21724278.0 2.8291000000000002e-08
21824278.0 5.6583e-08
21924278.0 3.4820000000000003e-08
22024278.0 3.0467e-08
22124278.0 4.0261e-08
22224278.0 3.8084e-08
22324278.0 2.1762000000000003e-08
22424278.0 1.9586e-08
22524278.0 3.4820000000000003e-08
22624278.0 2.5027e-08
22724278.0 4.8966e-08
22824278.0 4.7878e-08
22924278.0 1.9586e-08
23024278.0 2.9379e-08
23124278.0 3.1556e-08
23224278.0 3.2644000000000004e-08
23324278.0 3.8084e-08
23424278.0 6.3112e-08
23524278.0 1.6322000000000002e-08
23624278.0 5.3318e-08
23724278.0 2.9379e-08
23824278.0 2.0674e-08
23924278.0 2.6115e-08
24024278.0 1.4145000000000002e-08
24124278.0 1.8498e-08
24224278.0 1.0881000000000002e-08
24324278.0 1.4145000000000002e-08
24424278.0 2.7203e-08
24524278.0 5.8759e-08
24624278.0 2.6115e-08
24724278.0 3.6996e-08
24824278.0 3.0467e-08
24924278.0 2.9379e-08
25024278.0 2.0674e-08
25124278.0 3.0467e-08
25224278.0 2.3939e-08
25324278.0 1.1969000000000001e-08
25424278.0 1.6322000000000002e-08
25524278.0 2.6115e-08
25624278.0 2.8291000000000002e-08
25724278.0 4.352e-09
25824278.0 2.1762000000000003e-08
25924278.0 2.3939e-08
26024278.0 2.7203e-08
26124278.0 7.616e-09
26224278.0 1.1969000000000001e-08
26324278.0 2.5027e-08
26424278.0 9.793e-09
26524278.0 8.705000000000001e-09
26624278.0 1.6322000000000002e-08
26724278.0 3.6996e-08
26824278.0 3.5908e-08
26924278.0 3.3732e-08
27024278.0 3.2640000000000003e-09
27124278.0 2.8291000000000002e-08
27224278.0 4.2437e-08
27324278.0 1.8498e-08
27424278.0 5.223e-08
27524278.0 2.5027e-08
27624278.0 1.5233e-08
27724278.0 3.5908e-08
27824278.0 4.3525e-08
27924278.0 4.8966e-08
28024278.0 1.4145000000000002e-08
28124278.0 6.3112e-08
28224278.0 9.793e-09
28324278.0 1.6322000000000002e-08
28424278.0 1.7410000000000002e-08
28524278.0 7.616e-09
28624278.0 8.705000000000001e-09
28724278.0 3.1556e-08
28824278.0 1.7410000000000002e-08
28924278.0 2.1762000000000003e-08
29024278.0 1.1969000000000001e-08
29124278.0 1.6322000000000002e-08
29224278.0 8.705000000000001e-09
29324278.0 7.5081e-08
29424278.0 2.9379e-08
29524278.0 5.1142e-08
29624278.0 1.7410000000000002e-08
29724278.0 1.6322000000000002e-08
29824278.0 2.3939e-08
29924278.0 2.3939e-08
30024278.0 2.0674e-08
30124278.0 1.3057e-08
30224278.0 2.8291000000000002e-08
30324278.0 3.6996e-08
30424278.0 1.3057e-08
30524278.0 6.528000000000001e-09
30624278.0 1.0881000000000002e-08
30724278.0 1.4145000000000002e-08
30824278.0 6.528000000000001e-09
30924278.0 7.616e-09
31024278.0 9.793e-09
31124278.0 1.6322000000000002e-08
31224278.0 5.44e-09
31324278.0 1.088e-09
31424278.0 0.0
31524278.0 2.176e-09
31624278.0 0.0
31724278.0 0.0
31824278.0 0.0
31924278.0 0.0
32024278.0 0.0
32076805.0 0.0
